68.63 539.25
72.95 551.75
74.39 556.85
75.83 562.35
77.27 562.85
78.71 563.05
80.15 564.85
81.59 564.85
83.03 566.05
84.47 568.15
85.91 574.15
87.35 575.55
88.79 577.25
90.23 578.15
91.68 578.75
93.12 578.55
94.56 578.55
96.00 579.85
97.44 583.35
98.88 587.25
100.32 589.05
101.76 591.95
103.20 594.35
104.64 596.75
106.08 596.45
107.52 597.05
108.96 598.35
110.40 601.95
111.84 610.35
113.28 616.75
114.72 618.35
116.16 620.65
117.60 619.65
119.04 620.85
120.48 619.85
121.93 620.95
123.37 622.85
124.81 629.35
126.25 632.35
127.69 633.75
129.13 633.75
130.57 633.05
132.01 632.35
133.45 632.25
134.89 632.45
136.33 634.65
137.77 639.65
139.21 643.55
140.65 645.95
142.09 646.65
143.53 647.35
144.97 649.15
146.41 652.95
147.85 655.65
149.29 658.25
150.73 661.35
152.18 662.85
153.62 665.25
155.06 668.45
156.50 670.75
157.94 671.95
159.38 672.65
160.82 673.25
162.26 674.75
163.70 677.45
165.14 679.55
166.58 680.65
168.02 680.65
169.46 680.05
170.90 679.85
172.34 680.05
173.78 681.05
175.22 683.15
176.66 687.55
178.10 692.95
179.54 696.75
180.98 699.55
182.43 702.05
183.87 704.15
185.31 704.65
186.75 705.95
188.19 710.85
189.63 713.55
191.07 714.75
192.51 715.75
193.95 717.85
195.39 718.35
196.83 718.65
198.27 720.65
199.71 722.15
201.15 724.25
202.59 727.85
204.03 730.05
205.47 729.95
206.91 730.65
208.35 731.55
209.79 730.65
211.24 729.85
212.68 730.35
214.12 732.85
215.56 737.35
60.97 530.85
66.73 538.75
68.17 537.85
72.49 550.05
75.37 560.05
76.81 561.15
78.25 562.85
79.69 564.05
81.13 565.65
82.57 565.05
84.01 566.75
85.45 571.75
86.89 575.15
88.33 576.55
89.78 577.85
91.22 578.55
92.66 578.55
94.10 578.25
95.54 579.25
96.98 582.35
98.42 585.75
99.86 588.65
101.30 590.05
102.74 593.25
104.18 597.05
105.62 597.05
107.06 596.75
108.50 598.35
109.94 602.35
111.38 607.65
112.82 613.55
114.26 617.45
115.70 620.05
117.14 620.55
118.59 620.05
120.03 620.75
121.47 620.45
122.91 621.55
124.35 626.25
125.79 631.85
127.23 633.25
128.67 633.95
130.11 633.95
131.55 632.65
132.99 632.15
134.43 632.35
135.87 632.85
137.31 638.25
138.75 642.35
140.19 644.95
141.63 646.45
143.07 647.05
144.51 648.25
145.95 652.05
147.39 654.45
148.84 657.55
150.28 660.55
151.72 661.95
153.16 664.55
154.60 667.65
156.04 669.65
157.48 671.45
158.92 672.35
160.36 672.95
161.80 674.35
163.24 677.05
164.68 679.05
166.12 680.75
167.56 680.95
169.00 680.05
170.44 679.75
171.88 680.25
173.32 681.05
174.76 682.35
176.20 686.15
177.64 690.85
179.09 695.25
180.53 698.45
181.97 701.45
183.41 703.85
184.85 704.45
186.29 705.45
187.73 708.65
189.17 712.85
190.61 714.45
192.05 715.35
193.49 717.15
194.93 718.15
196.37 718.35
197.81 719.85
199.25 721.75
200.69 722.95
202.13 726.55
203.57 729.75
205.01 729.95
206.45 730.35
207.89 731.35
209.34 731.05
210.78 730.05
212.22 729.95
213.66 732.05
215.10 735.65
216.54 741.65
